time,x,y,z,phi,theta,psi,x_velocity,y_velocity,z_velocity,phi_velocity,theta_velocity,psi_velocity,rotor_speed1,rotor_speed2,rotor_speed3,rotor_speed4
0.06,-1.8815383492206895e-08,-3.492647742670892e-08,10.006499025985562,6.28314320305115,2.0352980897975215e-05,0.0,-1.8511680825799997e-06,-3.6296647643057647e-06,0.2166174166456024,-0.002143628244901861,0.0010092240217784534,0.0,471.63135402686294,471.70927372292283,473.322650268613,473.1576946362935
0.12000000000000001,-7.732853674504668e-07,-1.8564214763497298e-06,10.02552510728553,6.282961451469312,6.283032194386056,0.0,-1.837739468795888e-05,-7.516093827367992e-05,0.41753283831993854,-0.004862027632195739,-0.012131233927224493,0.0,468.5570555826054,467.534597060588,467.8555536912148,467.64395094321435
0.18,3.3506819151371716e-06,-1.212786692402351e-05,10.053381692291461,6.282379414733269,6.282841035755249,0.0,0.00019796873299572648,-0.00030894759813988426,0.5109822533301402,-0.021756189934948877,0.010454317483559995,0.0,434.2085999953991,436.0989878023988,435.58425306920003,434.16946197405844
0.23999999999999996,1.9920743830941566e-05,-5.180985330106377e-05,10.086905571975077,6.281399897068297,0.0002693916632123816,0.0,0.0002914782140416038,-0.0011277228096970662,0.6064339383962074,-0.007223962401664869,0.009770624295891015,0.0,435.3023772933848,435.24504807631814,435.60586942061275,436.81928463906667
0.3,2.8377629183845757e-05,-0.00016325381343690017,10.129048129338141,6.280801371332327,0.0010246773992852454,0.0,-8.767774831466172e-05,-0.002645738261044893,0.7982032597690379,-0.016141003843927835,0.017699115303631267,0.0,464.27533985024445,464.8967744020544,466.7891415912032,466.0929893354523
0.36000000000000004,-7.610940757711159e-06,-0.0003854906067678881,10.184068623666775,6.279873854023311,0.002430265311071267,0.0,-0.0012650264633241827,-0.004877622796652651,1.0356279750559978,-0.014127690668133854,0.03294349885253639,0.0,478.5955432815329,479.75427495075087,479.1386890869282,479.2918248056156
0.4200000000000001,-0.00014324899485478146,-0.0007505679721642829,10.249455756258513,6.279132281251691,0.005280642459393192,0.0,-0.0035150296446353974,-0.007373060953786373,1.1438396041217387,-0.009039103009730664,0.06697422726913742,0.0,439.14050939077083,441.9552452055686,440.41992119539776,440.8406611749335
0.48000000000000015,-0.0004887515061383787,-0.001285679598352333,10.322785398292837,6.278722885446658,0.009038143216826278,0.0,-0.008431837244253065,-0.01051544914722827,1.3003136848615613,-0.002723806533934208,0.05208331112111519,0.0,456.28785093291674,455.1003299600193,455.6154238675535,456.1201077775244
0.5400000000000001,-0.00119143256627718,-0.002008482321818039,10.403586386906245,6.278495393747473,0.012364128571750399,0.0,-0.01531602494623763,-0.013597108522502552,1.392940596202285,-0.0060175011896599385,0.06140589732103403,0.0,435.12298963750305,435.9047870928914,437.1404681733532,436.86601885624094
0.6000000000000002,-0.0023667198007757224,-0.0029178383069017365,10.48914829999712,6.277921301811261,0.016092639737989245,0.0,-0.02421863042774939,-0.01675856366665992,1.459035654425992,-0.01783298263170262,0.06357392381778598,0.0,428.6843490965946,428.87145103461125,427.67566166401565,426.66830531989865
0.6600000000000003,-0.004152782898247981,-0.004031468824366538,10.578848293333536,6.276395180724981,0.019940401417477993,0.0,-0.03569004446372301,-0.020481248510993484,1.530862983598099,-0.04844696050355783,0.06521720580412997,0.0,429.8580012840311,430.000381103739,431.42684648276787,428.8341315720833
0.7200000000000003,-0.00674695924049536,-0.005420287997907346,10.674952714332353,6.2739747046814855,0.023720918260945467,0.0,-0.05119489862200548,-0.026095393623913735,1.6724097463438816,-0.027715363875502455,0.05818106111216153,0.0,451.92906710036016,451.36442686513357,451.9886405810365,453.6553071330522
0.7800000000000004,-0.010261009353952634,-0.007158829140065868,10.775785734580214,6.272112810246396,0.02729289041760463,0.0,-0.0662561091203479,-0.032012700682340134,1.6886568327874116,-0.03866098104382994,0.0621068924945334,0.0,412.5695142569045,412.9187531665973,412.4930223712242,411.5249185412629
0.8400000000000004,-0.014981704030767241,-0.009385073934559514,10.886063236767475,6.270231439918783,0.030530388600801928,0.0,-0.09155729317643599,-0.04246179575648239,1.986773174484258,-0.019734134548246136,0.027942310043472973,0.0,499.31297612595154,496.81591647693267,498.3902555841466,499.77127589118123
0.9000000000000005,-0.021054006980388378,-0.012179698553152095,11.006373680829089,6.269323649358158,0.03211961325201518,0.0,-0.1110024171000014,-0.05078714991450736,2.023503174978457,-0.007225547883934989,0.023405536191085104,0.0,421.3374041490431,420.94520585484366,419.13658216439,420.22230138892076
0.9600000000000005,-0.02837245187082091,-0.015510287490260136,11.130447284565271,6.268891762100861,0.03330069958362092,0.0,-0.13307183182683344,-0.06027364817317462,2.112117398980161,-0.007143321969759207,0.010951353624154787,0.0,438.1381058861356,437.10146820139465,437.2056247014386,437.2125856083998
1.0200000000000005,-0.03697639666657064,-0.019392371774381304,11.25804189789489,6.2678870260722235,0.03395003961879084,0.0,-0.1537847339839494,-0.069176404599425,2.1409782889423727,-0.0551587062714988,0.010563039996141313,0.0,417.6668763325376,417.6328932690523,421.08932603229897,416.9149015909443
1.0800000000000005,-0.04695598180432453,-0.023894125371752364,11.390906030510903,6.26452317077942,0.03411177083145134,0.0,-0.1789118630414559,-0.08124071933225464,2.2875341991888,-0.05793901800937974,-0.021731850137803287,0.0,457.29582422086725,454.71616161081965,456.04161918388843,455.81744413085295
1.1400000000000006,-0.05839442819420346,-0.02916886063156357,11.531226707889823,6.260985883966729,0.03346111000068852,0.0,-0.20226959791916976,-0.0949384714370648,2.389607487937416,-0.061066933005398324,0.0049829355998535045,0.0,441.42393801193265,443.6229769420062,443.1931215756711,442.9335194449743
1.2000000000000006,-0.07122988922310246,-0.035340385143567,11.677755729577429,6.258069077777467,0.03431454970172432,0.0,-0.22563625197034806,-0.11110416614480194,2.4944572544861177,-0.03116481782879115,0.028209991151305618,0.0,443.2167266261116,445.1214713975989,442.8738893173897,445.32476600692155
1.2600000000000007,-0.08530837546933086,-0.04240321840848807,11.825332899365847,6.255813354717922,0.036024778283750614,0.0,-0.24378360856570924,-0.12448240078936716,2.424920993273964,-0.05531082753856871,0.02908496780724199,0.0,386.0860016014112,386.1689043183348,387.21451106982255,384.9352208422693
1.3200000000000007,-0.10068228038671943,-0.05044630386173435,11.973671681695526,6.252308803979361,0.037833091642242245,0.0,-0.26885332658283456,-0.1439589296113576,2.5194803464948543,-0.06546161854121937,0.032166251190247665,0.0,441.18659281822795,441.44121844305147,441.34437885215345,440.5033529219317
1.3800000000000008,-0.11759752231024229,-0.059729132433973056,12.127610927107368,6.248950671654985,0.04094427026464942,0.0,-0.2952511261631359,-0.16582443295400218,2.611593817585898,-0.041696538841072966,0.07553983694804434,0.0,438.74272848249706,442.33057361830373,440.15135701318087,442.1113831737948
1.4400000000000008,-0.13613004054026584,-0.07035591108969014,12.286153724374765,6.24606810440477,0.04551236543934767,0.0,-0.32293256619454674,-0.1886507893670941,2.672989369473749,-0.06541958589869198,0.07729861779306735,0.0,431.047092755372,431.2004644524975,432.9292777466608,430.9269444274469
1.5000000000000009,-0.15648703077855147,-0.08247338546608135,12.449959940758033,6.242356972862105,0.05037974735679018,0.0,-0.3561176591813859,-0.2156503031485515,2.7868983128847575,-0.05553469860349826,0.08784122852582577,0.0,447.6948788021673,448.55706547068894,448.6321754609996,449.4313151242337
1.560000000000001,-0.17886197337531703,-0.09622309660497855,12.619071711064512,6.239609356531076,0.05543592327880198,0.0,-0.390206485421996,-0.24295473764180156,2.849955932243542,-0.03123672247621749,0.07595399285449317,0.0,432.9176082743568,431.9222093649737,432.8774184323334,434.91583583181756
1.620000000000001,-0.20315308531534143,-0.1114835235646083,12.787940091428165,6.237715730593234,0.06070859342432122,0.0,-0.41989123531181,-0.26587804914741714,2.779127332118404,-0.03221571030665118,0.10478539638346236,0.0,386.4960516878396,389.2112089434593,388.28771638843426,388.19534840781654
1.680000000000001,-0.22958077214765946,-0.12834751370959468,12.956884244055537,6.235835911159381,0.06728638396321163,0.0,-0.4616537509272332,-0.29643217448765796,2.852100875143318,-0.029616189011713253,0.11788174524468918,0.0,434.99667733597926,436.1027679956759,437.3881379141033,437.60421728349456
1.740000000000001,-0.2587747724162493,-0.14716919586884528,13.13203875860454,6.23361252268054,0.07389452970009902,0.0,-0.5121984421652808,-0.33114517023525314,2.985960346211158,-0.059249958334749595,0.08640575554564417,0.0,457.73841713186647,455.23657309078703,456.9756871646596,454.60654743942814
1.8000000000000012,-0.29082530254426897,-0.16791951308998923,13.311048716065471,6.230191346936984,0.0785705156214842,0.0,-0.5565920299999404,-0.3608328446638109,2.980984036245024,-0.05289698854117415,0.049890229722847686,0.0,412.23359852559145,408.9990488260496,413.6839050313698,414.24044258228815
1.8600000000000012,-0.325521481073172,-0.19044644533064947,13.488567372093238,6.226738502336524,0.08216495717159233,0.0,-0.6002299970028886,-0.39033615370020086,2.9363667670782023,-0.0690061401940672,0.07477429771292261,0.0,396.96491360237457,399.2447305758995,400.04777777048315,398.5753873206796
1.9200000000000013,-0.36331785052402465,-0.21508921139641887,13.668404589749041,6.222822490526749,0.08754969336386687,0.0,-0.6601553879961389,-0.4314914961276002,3.057790857310985,-0.05868022643589799,0.10957824020489508,0.0,452.9940297563174,455.7902156892995,451.6639240974227,452.49284603227017
1.9800000000000013,-0.4047801643730776,-0.2422457609182337,13.854920649706806,6.219701958613104,0.0936079580907494,0.0,-0.7225577422701827,-0.474043496517293,3.1590214274881885,-0.041213058694753946,0.07202243797659386,0.0,448.6247142433442,445.5729589410979,447.8947477982871,449.31129194905697
2.0400000000000014,-0.45003973357843946,-0.27197237336916225,14.046813548189201,6.21753598646065,0.09754529567105052,0.0,-0.7864911590704363,-0.5170556933355906,3.237100970371602,-0.027452564019970316,0.048034464692098156,0.0,442.0138198497706,440.03553752890286,441.1036241986516,442.2379128597452
2.1000000000000014,-0.49962396533707604,-0.3045965796365901,14.247573475820452,6.216485750539434,0.10050695289522604,0.0,-0.8666083017435764,-0.5705299267592406,3.4541735170665713,-0.002709633163048732,0.05188922989354468,0.0,484.4521903805924,484.7432475310055,482.823027469964,484.68623608244604
2.1600000000000015,-0.5538202102070906,-0.3402722089603445,14.458696776730047,6.216026122444854,0.10336040869026153,0.0,-0.9402183705680243,-0.6186619204571355,3.5827954043418933,-0.020075465330677993,0.037066606295486394,0.0,460.1054164088199,458.93161167541825,459.731045018035,458.3530411835087
2.2200000000000015,-0.6123692191547577,-0.37876979211046147,14.676341325533805,6.21517290807321,0.10528873845404974,0.0,-1.0116049238640528,-0.6646741544069734,3.671667276473614,-0.0045252663427826495,0.01980132745512662,0.0,449.04391070048666,447.64142866745954,446.91679898524296,448.1826107849432
2.2800000000000016,-0.6751274617911026,-0.4199703709486111,14.898257889246937,6.215660088045112,0.10633870245495292,0.0,-1.0804357577548251,-0.7086525816722884,3.7253267644777344,0.02576458206288705,0.012444872463253221,0.0,438.1946555197698,437.58258495862043,435.830543141482,438.3549941517197
2.3400000000000016,-0.7422550501200583,-0.463932846205597,15.125423327998327,6.217268675256658,0.10715605076212054,0.0,-1.1572018982221417,-0.7565754011956823,3.8464093581064898,0.028822005940130013,0.015879316526670285,0.0,458.67430627395,458.9468756676186,459.3223201678932,459.56487583954913
2.4000000000000017,-0.8137548407621055,-0.5105819291375223,15.357488413697874,6.219119747421253,0.10776712261059096,0.0,-1.2261996717700494,-0.7982233744252664,3.8889127687882348,0.03462798019064996,-0.0047524505486895375,0.0,435.9945972221215,434.26719540216897,435.287059847899,435.77303894845244
2.4600000000000017,-0.8898273446531669,-0.5599438576442558,15.595996634909742,6.221131507980129,0.10714596050321834,0.0,-1.3094547435626955,-0.8469133859500891,4.060732939151739,0.03123668043030648,-0.024954003606982154,0.0,476.7305214099963,475.1844275296951,475.52338641558777,475.26388056124983
2.520000000000002,-0.9707211842548626,-0.6120927932870384,15.843336999323517,6.222964929628443,0.10557484398460204,0.0,-1.3868177474542334,-0.8911710902287572,4.183489181457583,0.029162099744505073,-0.028768737390799222,0.0,462.7950888790553,462.4945962908706,461.84853077949043,461.6851328127485
2.580000000000002,-1.0561846104813553,-0.6668364703076948,16.097642055897534,6.224815736492804,0.10393699993530614,0.0,-1.4617690260892662,-0.9334175742604904,4.292928701494609,0.0340189870876996,-0.02450653443338545,0.0,459.5360830567405,459.8736942458956,458.2532929574103,458.63953019319786
2.640000000000002,-1.1459517815741236,-0.7239850812829183,16.356930217907934,6.226332083782422,0.10199673548056065,0.0,-1.5303178854269757,-0.9713526675430841,4.34978860339146,-0.004731504417372823,-0.05655425467222394,0.0,445.12569992558394,442.49440622953045,444.8665073574743,441.68189963332793
2.700000000000002,-1.2397364552378172,-0.7833593787672274,16.619071804313585,6.22559612882074,0.09908793287271944,0.0,-1.5955635311752638,-1.0078320228266038,4.388115722061882,-0.034937103772441386,-0.03589362316517619,0.0,437.2667095794717,438.9830657801408,439.31183423417923,436.7998112170125
2.760000000000002,-1.3375954665882541,-0.8450639962317279,16.885574295114203,6.22369644809616,0.09673323741503914,0.0,-1.6661593067610385,-1.049175983704746,4.494849582212196,-0.025805812268700084,-0.046967564616917416,0.0,460.12730833580065,459.24894744788344,459.72788564249447,460.4505781221966
2.820000000000002,-1.43944998646195,-0.9091678156010695,17.15646313981215,6.222416475643092,0.09360517303581606,0.0,-1.7287346687692144,-1.0877481389218446,4.534608679007065,-0.013624377182061588,-0.06524835336232054,0.0,440.7146262056303,439.1989549545705,439.2535638568699,440.2626945776676
2.880000000000002,-1.5452822744416694,-0.9757919652651592,17.432727043838696,6.2218565365311544,0.0896155537877803,0.0,-1.7985662347697187,-1.1331068580784491,4.673625930440821,-0.001894665494049744,-0.06910706215466134,0.0,471.7533616488208,471.45226431042477,469.70017642566125,470.6091918040044
2.940000000000002,-1.6553710866819094,-1.045250920832568,17.718981875447117,6.221869768589205,0.08545773626465536,0.0,-1.870545644736881,-1.1821603377995182,4.867396331064026,0.00414711047675104,-0.06967928358027338,0.0,488.28750065711154,488.2416358931238,487.6384188236556,488.089578988794
3.000000000000002,-1.7692508465994319,-1.1173380230510161,18.011714679163706,6.2222672701801045,0.08149399524724199,0.0,-1.9251116036775107,-1.2207226937296822,4.890290229081349,0.011170015030749943,-0.0596671652209852,0.0,436.8409872282546,437.67183935005863,437.9391495317006,438.52289599290924
3.0600000000000023,-1.8863221654511169,-1.1917185774764891,18.305581138326964,6.222607621399689,0.0775869694596878,0.0,-1.976970500657223,-1.258593258944822,4.905218488703025,-0.008570528131701076,-0.07918505614320559,0.0,435.7635971359636,434.1253268601203,436.5512279718332,434.9006071302118
3.1200000000000023,-2.00639852556395,-1.2683401827564773,18.599820322389533,6.222163969411479,0.07286031837026208,0.0,-2.0252104729916347,-1.2955180034522984,4.902797528070432,-0.005139578534262123,-0.07797513394854316,0.0,428.97764822285757,429.07519003935147,430.370033087837,430.6604891063358
3.1800000000000024,-2.1294478538852792,-1.3473165307255162,18.896026467406788,6.221691733636909,0.06793938257246701,0.0,-2.0759940920442608,-1.3370624063445193,4.970475324547058,-0.013984743049233141,-0.09164874768510466,0.0,453.0416361437624,451.935292206523,451.9505008005955,451.2370364313309
3.2400000000000024,-2.255447358921928,-1.428793929839392,19.196201554277728,6.220860051075011,0.06228097092625351,0.0,-2.1234813246088238,-1.3789307173036487,5.035113449283959,-0.01361578336882574,-0.10023286872433171,0.0,451.7254664120627,451.02517599850785,451.89013095313027,451.91999353537693
3.3000000000000025,-2.3842489001100624,-1.5128593202491059,19.501160600422327,6.219731335027284,0.05642570094913513,0.0,-2.1693290814190056,-1.4233352851326233,5.1298043120794246,-0.03202849979265105,-0.0927662108562408,0.0,460.51502717637345,461.09753546060324,462.71882789621435,461.266854846505
3.3600000000000025,-2.5156464118597444,-1.5995647717644925,19.810951029488105,6.217901199648805,0.05026402733983204,0.0,-2.210076833538719,-1.4670244977923619,5.196268986833116,-0.02761277726470592,-0.14731696331595306,0.0,454.97637684707365,450.5760838840502,454.1109030339538,454.4647423819128
3.4200000000000026,-2.6493224379042983,-1.6888700965571901,20.12384524154213,6.217276515461329,0.041517136034786795,0.0,-2.2450320538135284,-1.5099244695401903,5.233453571371136,0.011343696157307407,-0.14287838305986517,0.0,444.71199379475104,445.05560240623123,443.2943607491668,446.48456166535414
3.4800000000000026,-2.784852158847433,-1.7806062746225932,20.436665440475135,6.2175887709063,0.03255668961002378,0.0,-2.2719863991483824,-1.547943529881238,5.194175260250251,-0.01137745367116819,-0.16715755665266616,0.0,421.3787995274853,419.251305236389,421.0818285638378,419.1112612723047
3.5400000000000027,-2.921837253174469,-1.8745789824213095,20.746410249427157,6.217228362610234,0.02233716616769943,0.0,-2.293471304139955,-1.5845645415856664,5.131054109710772,0.003009841651180588,-0.17755140319336932,0.0,412.10520357700454,411.15476238507813,410.7357347980583,412.01004574279386
3.6000000000000028,-3.060009522700129,-1.97090853848164,21.05469044437389,6.218332189621069,0.012167563324815056,0.0,-2.3114077277118024,-1.6263801900480435,5.145013065860045,0.038609570309445854,-0.15693793875617895,0.0,434.96500514712847,436.65963162654015,434.9818827951586,437.95346037475747
3.660000000000003,-3.1990882424694362,-2.0697170948516077,21.363669386599277,6.2203344514762335,0.002665714093661009,0.0,-2.3237675298176885,-1.6670761832689769,5.154369676387127,0.020015087203669048,-0.16137687990482344,0.0,434.8947483165413,434.49829007257216,435.126815278111,433.56756874055486
3.720000000000003,-3.338751071678372,-2.171141107163402,21.67641627515566,6.221813040689334,6.275969389886674,0.0,-2.330694175766101,-1.713581767362588,5.270110789412673,0.0325821987133966,-0.1723147694146588,0.0,467.7750037858016,466.8977852320471,467.1126587258108,468.09184614354325
3.780000000000003,-3.478585819305884,-2.275617416586909,22.00087235755644,6.2232559211193355,6.26589190363025,0.0,-2.3292270106665103,-1.7686851152701193,5.543916814851381,-0.00444143402573885,-0.16043242580513434,0.0,512.4490887851128,513.2701613386115,515.4588772924511,512.835488857745
3.840000000000003,-3.618191810346817,-2.383042120262755,22.336153492820117,6.222780587146492,6.256118418739796,0.0,-2.3233896974389916,-1.8121748978017158,5.631779626289939,-0.015996717352614792,-0.16832081243779753,0.0,463.0412375211569,462.3959487208362,462.35816507152566,461.44684616277056
3.900000000000003,-3.757165054810064,-2.4932854239456264,22.679891143803793,6.222073027826735,6.2462597890743154,0.0,-2.3079695266245364,-1.8626633145883067,5.8252481192021985,-0.004488278342720145,-0.15731017551548415,0.0,493.39452679012345,494.183999486386,493.8482875104131,494.69668982722345
3.960000000000003,-3.895157439498178,-2.6063161148211464,23.030987347272323,6.221679028577661,6.236473844200102,0.0,-2.290914556402578,-1.905068658011377,5.877770079210297,-0.011086357327021713,-0.1783448335728507,0.0,454.7808837564013,453.0673929685944,454.34798526394934,453.8186903007856
4.020000000000002,-4.031799960764704,-2.722082965497151,23.388143611277883,6.2217937960909175,6.225616363215419,0.0,-2.262734984409164,-1.9538288940441662,6.026745600353382,0.019907211454375386,-0.1867669796732186,0.0,483.45647676731744,482.79249439564376,482.3820570053411,484.71726545927197
4.080000000000001,-4.166657244577487,-2.8406283659198155,23.75190029054082,6.22318640912996,6.214030837184589,0.0,-2.231454440610923,-1.9975704375569339,6.098203642049218,0.029109837799799226,-0.21035204495558157,0.0,462.35103478821117,460.4531937274974,461.42896737921336,462.1550471342427
4.14,-4.299391753154289,-2.9617912405248115,24.12021384550608,6.224728304447371,6.201298949089436,0.0,-2.1918368871819287,-2.0410406917814283,6.17859427614467,0.01781245835078324,-0.21616493662736283,0.0,464.3043547795354,463.80562372533535,466.11023454430796,465.2264196162635
4.199999999999998,-4.429754184653706,-3.085364917863067,24.490347064277287,6.22573067777283,6.1884210763280265,0.0,-2.1525041019008118,-2.078035964415785,6.159378658133713,0.014396642163667752,-0.21173284229531222,0.0,434.95178608367297,435.2763266390248,433.62778318772627,433.3406030076401
4.259999999999997,-4.557195928455213,-3.2113524942491183,24.86289396304656,6.226480482806842,6.175197606483177,0.0,-2.094313982546903,-2.121469904485905,6.2583788545968595,0.008397052718501687,-0.24962472137526087,0.0,472.28075868894973,469.3014198606408,471.0512695316484,470.58687210408317
4.319999999999996,-4.68101855420882,-3.339861769256295,25.24003700816365,6.2267187921097005,6.160365996412041,0.0,-2.031738054932439,-2.1621499149622716,6.312810808151484,-0.006805213055997167,-0.2427361839218921,0.0,456.909120787111,457.3987137600578,459.86133268426903,458.6552503057291
4.379999999999995,-4.800915975055907,-3.470765660440291,25.619571593642963,6.227003838005025,6.14608450462339,0.0,-1.9635547810342722,-2.201333443827247,6.338222880189904,0.021287170177793076,-0.22997629766931793,0.0,449.53575262800416,450.5128016548093,448.23207984135047,450.50975035666585
4.439999999999993,-4.9158766696398475,-3.6042495041854132,26.00478973929063,6.228084283561341,6.132398691379347,0.0,-1.8670549768755376,-2.2479777068091753,6.501465145110864,0.010473953034115309,-0.2245870486378223,0.0,490.92424261306473,491.2777399900736,492.35843240923765,491.5575352611145
4.499999999999992,-5.02534492448887,-3.740300095505755,26.395864598946833,6.228615371448335,6.119035952379624,0.0,-1.7806626949829505,-2.2870077327012495,6.534148712521038,0.005391132381109356,-0.21921052288690576,0.0,454.42779934575793,454.8107072046152,453.830682877965,453.4223176002211
4.559999999999991,-5.12926260466675,-3.8787265463935467,26.789572720552762,6.2288634858925,6.105907497655082,0.0,-1.6820327230749457,-2.327189418309007,6.589074103491672,0.0014969235101403007,-0.2180150774604681,0.0,461.7363362482679,461.78526440744423,461.45675508580445,461.14910771176557
4.6199999999999894,-5.226319958974448,-4.019769256022172,27.190315098317456,6.228912182851779,6.092645370640664,0.0,-1.551867419068064,-2.37419339006822,6.767849860180722,-0.0005956235480949186,-0.22787386347282343,0.0,499.3312354883781,498.5686932561014,499.4830453143705,499.33036897926024
4.679999999999988,-5.316057649773035,-4.163412246978619,27.59763837826019,6.229050594300535,6.0791297156394695,0.0,-1.438131812785317,-2.413910966444221,6.809214277867545,0.00755820631692225,-0.22049781732256865,0.0,459.922989052508,460.4584531548509,460.42437810273367,461.0691252779342
4.739999999999987,-5.39827507487129,-4.309550792484737,28.009482986016113,6.2295961393457855,6.065831918940702,0.0,-1.3011676313414302,-2.4573111242565875,6.918114277129034,0.01199673058412089,-0.22399154682670636,0.0,481.36761748287944,481.0585349156688,482.3597269153039,482.6947397409504
4.799999999999986,-5.47211727362654,-4.458254412171628,28.42723578080226,6.230344520760557,6.052729185873945,0.0,-1.1589787878308815,-2.4993985556717693,7.006237710440365,0.013408979446978334,-0.20903595977318293,0.0,476.30219307107825,477.4010064525164,477.7124820322089,477.82004718682776
4.859999999999984,-5.537070489321772,-4.6094910069693125,28.850584066415685,6.23143908787754,6.040242857447655,0.0,-1.0049410608027771,-2.541716208797645,7.104525513500919,0.026485038947777224,-0.20630963391122853,0.0,481.53623638629153,481.70353576357144,481.67418659086695,482.6621852679046
4.919999999999983,-5.592847192066036,-4.763177968065687,29.27844286679382,6.232955969646017,6.027624045649652,0.0,-0.853120847988486,-2.5810462418460642,7.1568439980683465,0.022758602969929834,-0.2198281986837941,0.0,470.28789045417466,469.19815508587556,469.632958653532,469.34383425608434
4.979999999999982,-5.6407765160557855,-4.918914091493935,29.703634479989436,6.234520277676003,6.014393161892098,0.0,-0.7433710925975184,-2.610131426001159,7.016809476076001,0.03198755642517323,-0.22192169356831176,0.0,407.6291804515231,407.3890058983781,406.2442668422872,407.0714071106718
5.0399999999999805,-5.679196680258927,-5.076853514019364,30.130203275078838,6.237162069941432,6.001627097429612,0.0,-0.536062742222228,-2.6542214599918816,7.200632623185177,0.061064005471023725,-0.19890304937723038,0.0,508.4910896049965,510.0988685155078,507.9334922456236,510.0156227429174
